-------------------------------------------
Model:RAYL_320_80_32000_8000.disp
Dispersion for a point:   38.900   -4.300
Includes only isotropic contribution
 f (mHz) c(PREM)       c  dc (%) U(PREM)       U  dU (%)
   4.000   4.918   4.931   0.257   3.578   3.553  -0.706
   4.364   4.769   4.776   0.143   3.568   3.539  -0.813
   4.727   4.650   4.652   0.040   3.577   3.544  -0.940
   5.091   4.555   4.552  -0.057   3.594   3.554  -1.095
   5.455   4.477   4.470  -0.151   3.612   3.566  -1.283
   5.818   4.412   4.401  -0.245   3.630   3.577  -1.456
   6.182   4.358   4.344  -0.337   3.646   3.588  -1.579
   6.545   4.313   4.295  -0.421   3.660   3.600  -1.640
   6.909   4.274   4.253  -0.497   3.674   3.614  -1.626
   7.273   4.240   4.217  -0.561   3.685   3.629  -1.531
   7.636   4.211   4.185  -0.611   3.696   3.643  -1.432
   8.000   4.185   4.158  -0.652   3.706   3.656  -1.367
   8.364   4.163   4.134  -0.686   3.716   3.666  -1.348
   8.727   4.143   4.113  -0.718   3.725   3.673  -1.387
   9.091   4.125   4.094  -0.750   3.733   3.677  -1.495
   9.455   4.109   4.077  -0.785   3.741   3.678  -1.680
   9.818   4.095   4.061  -0.826   3.749   3.679  -1.871
  10.182   4.082   4.046  -0.870   3.756   3.680  -2.026
  10.545   4.070   4.033  -0.916   3.763   3.683  -2.139
  10.909   4.060   4.021  -0.962   3.770   3.687  -2.204
  11.273   4.050   4.009  -1.006   3.776   3.693  -2.213
  11.636   4.042   3.999  -1.046   3.782   3.701  -2.160
  12.000   4.034   3.990  -1.081   3.788   3.711  -2.037
  12.364   4.026   3.982  -1.108   3.794   3.723  -1.862
  12.727   4.020   3.974  -1.129   3.799   3.734  -1.703
  13.091   4.014   3.968  -1.144   3.804   3.744  -1.568
  13.455   4.008   3.962  -1.155   3.808   3.753  -1.461
  13.818   4.003   3.956  -1.162   3.812   3.759  -1.389
  14.182   3.998   3.951  -1.168   3.816   3.764  -1.356
  14.545   3.994   3.947  -1.173   3.820   3.768  -1.366
  14.909   3.990   3.943  -1.178   3.823   3.768  -1.426
  15.273   3.986   3.938  -1.186   3.826   3.767  -1.539
  15.636   3.982   3.934  -1.196   3.828   3.764  -1.689
  16.000   3.979   3.931  -1.210   3.831   3.761  -1.822
  16.364   3.976   3.927  -1.225   3.833   3.759  -1.932
  16.727   3.973   3.923  -1.243   3.834   3.757  -2.016
  17.091   3.970   3.920  -1.260   3.836   3.756  -2.073
  17.455   3.967   3.916  -1.279   3.837   3.757  -2.098
  17.818   3.965   3.913  -1.296   3.838   3.758  -2.091
  18.182   3.962   3.910  -1.312   3.839   3.760  -2.048
  18.545   3.960   3.907  -1.326   3.839   3.764  -1.967
  18.909   3.958   3.905  -1.338   3.839   3.769  -1.844
  19.273   3.955   3.902  -1.347   3.839   3.775  -1.678
  19.636   3.953   3.900  -1.351   3.839   3.781  -1.519
  20.000   3.951   3.898  -1.353   3.839   3.785  -1.395
  20.364   3.949   3.896  -1.353   3.838   3.788  -1.308
  20.727   3.948   3.894  -1.352   3.837   3.789  -1.262
  21.091   3.946   3.892  -1.350   3.836   3.788  -1.260
  21.455   3.944   3.891  -1.349   3.835   3.785  -1.306
  21.818   3.942   3.889  -1.349   3.834   3.780  -1.402
  22.182   3.941   3.887  -1.351   3.832   3.773  -1.551
  22.545   3.939   3.885  -1.356   3.831   3.763  -1.756
  22.909   3.937   3.883  -1.365   3.829   3.751  -2.020
  23.273   3.936   3.881  -1.378   3.827   3.737  -2.343
  23.636   3.934   3.879  -1.397   3.825   3.721  -2.725
  24.000   3.932   3.876  -1.421   3.822   3.704  -3.101
  24.364   3.931   3.874  -1.450   3.820   3.688  -3.452
  24.727   3.929   3.871  -1.483   3.818   3.673  -3.776
  25.091   3.927   3.868  -1.521   3.815   3.660  -4.071
  25.455   3.926   3.865  -1.561   3.812   3.647  -4.336
  25.818   3.924   3.861  -1.605   3.809   3.635  -4.568
  26.182   3.923   3.858  -1.650   3.806   3.625  -4.767
  26.545   3.921   3.855  -1.697   3.803   3.615  -4.930
  26.909   3.920   3.851  -1.744   3.800   3.607  -5.057
  27.273   3.918   3.848  -1.792   3.796   3.601  -5.144
  27.636   3.916   3.844  -1.840   3.793   3.596  -5.191
  28.000   3.915   3.841  -1.886   3.789   3.592  -5.195
  28.364   3.913   3.838  -1.931   3.785   3.590  -5.164
  28.727   3.911   3.834  -1.975   3.781   3.586  -5.152
  29.091   3.910   3.831  -2.018   3.777   3.582  -5.171
  29.455   3.908   3.828  -2.060   3.773   3.576  -5.222
  29.818   3.906   3.824  -2.101   3.769   3.569  -5.307
  30.182   3.905   3.821  -2.144   3.764   3.560  -5.428
  30.545   3.903   3.818  -2.187   3.760   3.550  -5.585
  30.909   3.901   3.814  -2.231   3.755   3.538  -5.780
  31.273   3.900   3.811  -2.277   3.750   3.525  -6.013
  31.636   3.898   3.807  -2.325   3.745   3.510  -6.287
  32.000   3.896   3.804  -2.376   3.740   3.494  -6.600
  32.364   3.894   3.800  -2.430   3.735   3.476  -6.955
  32.727   3.892   3.796  -2.487   3.730   3.456  -7.352
  33.091   3.891   3.791  -2.549   3.725   3.435  -7.780
  33.455   3.889   3.787  -2.614   3.719   3.416  -8.164
  33.818   3.887   3.783  -2.682   3.714   3.398  -8.485
  34.182   3.885   3.778  -2.753   3.708   3.384  -8.743
  34.545   3.883   3.773  -2.824   3.702   3.371  -8.936
  34.909   3.881   3.769  -2.896   3.696   3.361  -9.063
  35.273   3.879   3.764  -2.968   3.690   3.353  -9.120
  35.636   3.877   3.759  -3.039   3.683   3.348  -9.107
  36.000   3.875   3.755  -3.107   3.677   3.345  -9.021
  36.364   3.873   3.750  -3.172   3.670   3.345  -8.858
  36.727   3.871   3.746  -3.234   3.664   3.348  -8.616
  37.091   3.869   3.741  -3.291   3.657   3.354  -8.291
  37.455   3.866   3.737  -3.343   3.650   3.361  -7.905
  37.818   3.864   3.733  -3.390   3.643   3.367  -7.582
  38.182   3.862   3.729  -3.433   3.636   3.369  -7.344
  38.545   3.860   3.726  -3.473   3.628   3.367  -7.195
  38.909   3.857   3.722  -3.511   3.621   3.362  -7.139
  39.273   3.855   3.718  -3.549   3.613   3.354  -7.180
  39.636   3.853   3.714  -3.586   3.605   3.341  -7.321
  40.000   3.850   3.711  -3.625   3.597   3.325  -7.563
