-------------------------------------------
Model:RAYL_320_80_32000_8000.disp
Dispersion for a point:   38.308   -4.025
Includes only isotropic contribution
 f (mHz) c(PREM)       c  dc (%) U(PREM)       U  dU (%)
   4.000   4.918   4.929   0.211   3.578   3.552  -0.728
   4.364   4.769   4.774   0.100   3.568   3.538  -0.837
   4.727   4.650   4.650  -0.002   3.577   3.542  -0.972
   5.091   4.555   4.550  -0.098   3.594   3.553  -1.144
   5.455   4.477   4.468  -0.194   3.612   3.563  -1.359
   5.818   4.412   4.399  -0.292   3.630   3.573  -1.562
   6.182   4.358   4.341  -0.389   3.646   3.584  -1.709
   6.545   4.313   4.292  -0.479   3.660   3.595  -1.786
   6.909   4.274   4.250  -0.561   3.674   3.608  -1.779
   7.273   4.240   4.214  -0.629   3.685   3.624  -1.680
   7.636   4.211   4.182  -0.684   3.696   3.638  -1.578
   8.000   4.185   4.155  -0.729   3.706   3.650  -1.515
   8.364   4.163   4.131  -0.767   3.716   3.660  -1.506
   8.727   4.143   4.110  -0.803   3.725   3.666  -1.562
   9.091   4.125   4.090  -0.839   3.733   3.670  -1.697
   9.455   4.109   4.073  -0.881   3.741   3.669  -1.921
   9.818   4.095   4.057  -0.928   3.749   3.668  -2.151
  10.182   4.082   4.042  -0.980   3.756   3.668  -2.343
  10.545   4.070   4.028  -1.035   3.763   3.669  -2.489
  10.909   4.060   4.016  -1.090   3.770   3.672  -2.583
  11.273   4.050   4.004  -1.143   3.776   3.677  -2.615
  11.636   4.042   3.993  -1.193   3.782   3.685  -2.580
  12.000   4.034   3.984  -1.237   3.788   3.695  -2.469
  12.364   4.026   3.975  -1.273   3.794   3.706  -2.300
  12.727   4.020   3.967  -1.302   3.799   3.717  -2.144
  13.091   4.014   3.960  -1.325   3.804   3.727  -2.009
  13.455   4.008   3.954  -1.343   3.808   3.736  -1.900
  13.818   4.003   3.949  -1.358   3.812   3.743  -1.823
  14.182   3.998   3.943  -1.370   3.816   3.748  -1.781
  14.545   3.994   3.939  -1.380   3.820   3.752  -1.780
  14.909   3.990   3.934  -1.391   3.823   3.753  -1.824
  15.273   3.986   3.930  -1.403   3.826   3.752  -1.917
  15.636   3.982   3.926  -1.417   3.828   3.750  -2.048
  16.000   3.979   3.922  -1.434   3.831   3.748  -2.167
  16.364   3.976   3.918  -1.452   3.833   3.746  -2.270
  16.727   3.973   3.914  -1.472   3.834   3.744  -2.356
  17.091   3.970   3.911  -1.492   3.836   3.743  -2.422
  17.455   3.967   3.907  -1.513   3.837   3.742  -2.467
  17.818   3.965   3.904  -1.534   3.838   3.742  -2.489
  18.182   3.962   3.901  -1.554   3.839   3.743  -2.487
  18.545   3.960   3.898  -1.573   3.839   3.745  -2.457
  18.909   3.958   3.895  -1.590   3.839   3.747  -2.400
  19.273   3.955   3.892  -1.605   3.839   3.751  -2.312
  19.636   3.953   3.889  -1.618   3.839   3.753  -2.230
  20.000   3.951   3.887  -1.629   3.839   3.755  -2.171
  20.364   3.949   3.885  -1.638   3.838   3.756  -2.139
  20.727   3.948   3.883  -1.648   3.837   3.755  -2.135
  21.091   3.946   3.880  -1.656   3.836   3.753  -2.161
  21.455   3.944   3.878  -1.666   3.835   3.750  -2.220
  21.818   3.942   3.876  -1.676   3.834   3.745  -2.313
  22.182   3.941   3.874  -1.688   3.832   3.739  -2.443
  22.545   3.939   3.872  -1.702   3.831   3.731  -2.611
  22.909   3.937   3.869  -1.719   3.829   3.721  -2.819
  23.273   3.936   3.867  -1.739   3.827   3.709  -3.068
  23.636   3.934   3.865  -1.762   3.825   3.696  -3.357
  24.000   3.932   3.862  -1.790   3.822   3.683  -3.643
  24.364   3.931   3.859  -1.821   3.820   3.671  -3.911
  24.727   3.929   3.856  -1.856   3.818   3.659  -4.159
  25.091   3.927   3.853  -1.893   3.815   3.648  -4.386
  25.455   3.926   3.850  -1.932   3.812   3.637  -4.591
  25.818   3.924   3.847  -1.973   3.809   3.627  -4.773
  26.182   3.923   3.844  -2.015   3.806   3.618  -4.931
  26.545   3.921   3.840  -2.059   3.803   3.610  -5.063
  26.909   3.920   3.837  -2.103   3.800   3.603  -5.168
  27.273   3.918   3.834  -2.147   3.796   3.597  -5.244
  27.636   3.916   3.831  -2.191   3.793   3.592  -5.291
  28.000   3.915   3.827  -2.234   3.789   3.588  -5.306
  28.364   3.913   3.824  -2.276   3.785   3.585  -5.297
  28.727   3.911   3.821  -2.317   3.781   3.581  -5.308
  29.091   3.910   3.818  -2.357   3.777   3.575  -5.349
  29.455   3.908   3.814  -2.397   3.773   3.568  -5.421
  29.818   3.906   3.811  -2.437   3.769   3.560  -5.527
  30.182   3.905   3.808  -2.478   3.764   3.551  -5.666
  30.545   3.903   3.805  -2.520   3.760   3.540  -5.841
  30.909   3.901   3.801  -2.563   3.755   3.528  -6.052
  31.273   3.900   3.798  -2.608   3.750   3.514  -6.301
  31.636   3.898   3.794  -2.656   3.745   3.499  -6.588
  32.000   3.896   3.791  -2.707   3.740   3.482  -6.913
  32.364   3.894   3.787  -2.760   3.735   3.463  -7.278
  32.727   3.892   3.783  -2.818   3.730   3.444  -7.682
  33.091   3.891   3.779  -2.879   3.725   3.422  -8.116
  33.455   3.889   3.774  -2.945   3.719   3.403  -8.505
  33.818   3.887   3.770  -3.013   3.714   3.386  -8.831
  34.182   3.885   3.765  -3.084   3.708   3.371  -9.092
  34.545   3.883   3.760  -3.156   3.702   3.358  -9.287
  34.909   3.881   3.756  -3.228   3.696   3.348  -9.415
  35.273   3.879   3.751  -3.300   3.690   3.340  -9.473
  35.636   3.877   3.746  -3.371   3.683   3.335  -9.459
  36.000   3.875   3.742  -3.439   3.677   3.332  -9.371
  36.364   3.873   3.737  -3.505   3.670   3.333  -9.206
  36.727   3.871   3.733  -3.567   3.664   3.335  -8.960
  37.091   3.869   3.728  -3.624   3.657   3.341  -8.630
  37.455   3.866   3.724  -3.676   3.650   3.349  -8.237
  37.818   3.864   3.720  -3.723   3.643   3.355  -7.908
  38.182   3.862   3.716  -3.766   3.636   3.357  -7.665
  38.545   3.860   3.713  -3.806   3.628   3.356  -7.511
  38.909   3.857   3.709  -3.844   3.621   3.351  -7.452
  39.273   3.855   3.705  -3.881   3.613   3.342  -7.490
  39.636   3.853   3.702  -3.918   3.605   3.330  -7.628
  40.000   3.850   3.698  -3.957   3.597   3.314  -7.868
