-------------------------------------------
Model:RAYL_320_80_32000_8000.disp
Dispersion for a point:   38.266   -4.005
Includes only isotropic contribution
 f (mHz) c(PREM)       c  dc (%) U(PREM)       U  dU (%)
   4.000   4.918   4.929   0.208   3.578   3.552  -0.729
   4.364   4.769   4.774   0.097   3.568   3.538  -0.838
   4.727   4.650   4.650  -0.004   3.577   3.542  -0.974
   5.091   4.555   4.550  -0.101   3.594   3.553  -1.147
   5.455   4.477   4.468  -0.197   3.612   3.563  -1.364
   5.818   4.412   4.399  -0.295   3.630   3.573  -1.567
   6.182   4.358   4.341  -0.392   3.646   3.583  -1.716
   6.545   4.313   4.292  -0.483   3.660   3.595  -1.794
   6.909   4.274   4.250  -0.565   3.674   3.608  -1.787
   7.273   4.240   4.213  -0.633   3.685   3.623  -1.687
   7.636   4.211   4.182  -0.688   3.696   3.638  -1.585
   8.000   4.185   4.155  -0.733   3.706   3.650  -1.523
   8.364   4.163   4.131  -0.771   3.716   3.659  -1.514
   8.727   4.143   4.109  -0.807   3.725   3.666  -1.572
   9.091   4.125   4.090  -0.844   3.733   3.669  -1.709
   9.455   4.109   4.073  -0.886   3.741   3.669  -1.935
   9.818   4.095   4.057  -0.934   3.749   3.667  -2.168
  10.182   4.082   4.042  -0.986   3.756   3.667  -2.362
  10.545   4.070   4.028  -1.042   3.763   3.669  -2.511
  10.909   4.060   4.015  -1.097   3.770   3.672  -2.607
  11.273   4.050   4.004  -1.151   3.776   3.676  -2.641
  11.636   4.042   3.993  -1.201   3.782   3.684  -2.608
  12.000   4.034   3.983  -1.246   3.788   3.694  -2.497
  12.364   4.026   3.975  -1.283   3.794   3.705  -2.329
  12.727   4.020   3.967  -1.313   3.799   3.716  -2.173
  13.091   4.014   3.960  -1.336   3.804   3.726  -2.038
  13.455   4.008   3.954  -1.355   3.808   3.735  -1.930
  13.818   4.003   3.948  -1.370   3.812   3.742  -1.851
  14.182   3.998   3.943  -1.382   3.816   3.747  -1.809
  14.545   3.994   3.938  -1.393   3.820   3.751  -1.807
  14.909   3.990   3.934  -1.404   3.823   3.752  -1.850
  15.273   3.986   3.929  -1.417   3.826   3.752  -1.942
  15.636   3.982   3.925  -1.431   3.828   3.749  -2.070
  16.000   3.979   3.921  -1.448   3.831   3.747  -2.188
  16.364   3.976   3.917  -1.466   3.833   3.745  -2.291
  16.727   3.973   3.914  -1.486   3.834   3.743  -2.376
  17.091   3.970   3.910  -1.507   3.836   3.742  -2.443
  17.455   3.967   3.906  -1.528   3.837   3.741  -2.490
  17.818   3.965   3.903  -1.549   3.838   3.741  -2.514
  18.182   3.962   3.900  -1.569   3.839   3.742  -2.515
  18.545   3.960   3.897  -1.588   3.839   3.744  -2.490
  18.909   3.958   3.894  -1.606   3.839   3.746  -2.437
  19.273   3.955   3.891  -1.621   3.839   3.749  -2.355
  19.636   3.953   3.889  -1.635   3.839   3.752  -2.279
  20.000   3.951   3.886  -1.646   3.839   3.753  -2.225
  20.364   3.949   3.884  -1.657   3.838   3.754  -2.197
  20.727   3.948   3.882  -1.666   3.837   3.753  -2.196
  21.091   3.946   3.880  -1.676   3.836   3.751  -2.224
  21.455   3.944   3.877  -1.686   3.835   3.748  -2.284
  21.818   3.942   3.875  -1.697   3.834   3.743  -2.377
  22.182   3.941   3.873  -1.710   3.832   3.736  -2.506
  22.545   3.939   3.871  -1.725   3.831   3.728  -2.671
  22.909   3.937   3.869  -1.742   3.829   3.719  -2.875
  23.273   3.936   3.866  -1.762   3.827   3.707  -3.119
  23.636   3.934   3.864  -1.786   3.825   3.695  -3.401
  24.000   3.932   3.861  -1.814   3.822   3.682  -3.680
  24.364   3.931   3.858  -1.846   3.820   3.670  -3.941
  24.727   3.929   3.855  -1.880   3.818   3.658  -4.184
  25.091   3.927   3.852  -1.917   3.815   3.647  -4.406
  25.455   3.926   3.849  -1.956   3.812   3.636  -4.607
  25.818   3.924   3.846  -1.997   3.809   3.627  -4.786
  26.182   3.923   3.843  -2.040   3.806   3.618  -4.940
  26.545   3.921   3.839  -2.083   3.803   3.610  -5.070
  26.909   3.920   3.836  -2.127   3.800   3.603  -5.173
  27.273   3.918   3.833  -2.170   3.796   3.597  -5.249
  27.636   3.916   3.830  -2.214   3.793   3.592  -5.296
  28.000   3.915   3.826  -2.257   3.789   3.588  -5.314
  28.364   3.913   3.823  -2.299   3.785   3.584  -5.306
  28.727   3.911   3.820  -2.339   3.781   3.580  -5.319
  29.091   3.910   3.817  -2.379   3.777   3.575  -5.362
  29.455   3.908   3.814  -2.419   3.773   3.568  -5.437
  29.818   3.906   3.810  -2.459   3.769   3.560  -5.544
  30.182   3.905   3.807  -2.500   3.764   3.550  -5.685
  30.545   3.903   3.804  -2.542   3.760   3.539  -5.862
  30.909   3.901   3.801  -2.585   3.755   3.527  -6.074
  31.273   3.900   3.797  -2.630   3.750   3.513  -6.324
  31.636   3.898   3.793  -2.678   3.745   3.498  -6.611
  32.000   3.896   3.790  -2.729   3.740   3.481  -6.938
  32.364   3.894   3.786  -2.782   3.735   3.463  -7.303
  32.727   3.892   3.782  -2.840   3.730   3.443  -7.707
  33.091   3.891   3.778  -2.901   3.725   3.421  -8.142
  33.455   3.889   3.773  -2.967   3.719   3.402  -8.531
  33.818   3.887   3.769  -3.035   3.714   3.385  -8.857
  34.182   3.885   3.764  -3.106   3.708   3.370  -9.118
  34.545   3.883   3.760  -3.178   3.702   3.357  -9.313
  34.909   3.881   3.755  -3.250   3.696   3.347  -9.441
  35.273   3.879   3.750  -3.323   3.690   3.339  -9.499
  35.636   3.877   3.745  -3.393   3.683   3.334  -9.485
  36.000   3.875   3.741  -3.462   3.677   3.331  -9.397
  36.364   3.873   3.736  -3.528   3.670   3.332  -9.231
  36.727   3.871   3.732  -3.590   3.664   3.335  -8.985
  37.091   3.869   3.727  -3.647   3.657   3.340  -8.654
  37.455   3.866   3.723  -3.699   3.650   3.348  -8.261
  37.818   3.864   3.719  -3.746   3.643   3.354  -7.932
  38.182   3.862   3.716  -3.789   3.636   3.356  -7.689
  38.545   3.860   3.712  -3.829   3.628   3.355  -7.535
  38.909   3.857   3.708  -3.867   3.621   3.350  -7.475
  39.273   3.855   3.705  -3.904   3.613   3.342  -7.513
  39.636   3.853   3.701  -3.941   3.605   3.329  -7.651
  40.000   3.850   3.697  -3.980   3.597   3.313  -7.892
