-------------------------------------------
Model:RAYL_320_80_32000_8000.disp
Dispersion for a point:   38.224   -3.986
Includes only isotropic contribution
 f (mHz) c(PREM)       c  dc (%) U(PREM)       U  dU (%)
   4.000   4.918   4.929   0.205   3.578   3.552  -0.730
   4.364   4.769   4.774   0.094   3.568   3.538  -0.839
   4.727   4.650   4.650  -0.007   3.577   3.542  -0.976
   5.091   4.555   4.550  -0.103   3.594   3.552  -1.149
   5.455   4.477   4.468  -0.200   3.612   3.563  -1.368
   5.818   4.412   4.399  -0.298   3.630   3.573  -1.573
   6.182   4.358   4.341  -0.395   3.646   3.583  -1.723
   6.545   4.313   4.292  -0.486   3.660   3.595  -1.802
   6.909   4.274   4.250  -0.568   3.674   3.608  -1.795
   7.273   4.240   4.213  -0.637   3.685   3.623  -1.695
   7.636   4.211   4.182  -0.692   3.696   3.637  -1.592
   8.000   4.185   4.155  -0.737   3.706   3.650  -1.530
   8.364   4.163   4.131  -0.776   3.716   3.659  -1.522
   8.727   4.143   4.109  -0.812   3.725   3.666  -1.581
   9.091   4.125   4.090  -0.849   3.733   3.669  -1.720
   9.455   4.109   4.072  -0.891   3.741   3.668  -1.949
   9.818   4.095   4.056  -0.939   3.749   3.667  -2.184
  10.182   4.082   4.041  -0.992   3.756   3.667  -2.381
  10.545   4.070   4.028  -1.048   3.763   3.668  -2.533
  10.909   4.060   4.015  -1.104   3.770   3.671  -2.630
  11.273   4.050   4.003  -1.159   3.776   3.676  -2.667
  11.636   4.042   3.993  -1.210   3.782   3.683  -2.634
  12.000   4.034   3.983  -1.255   3.788   3.693  -2.525
  12.364   4.026   3.974  -1.293   3.794   3.704  -2.357
  12.727   4.020   3.967  -1.323   3.799   3.715  -2.202
  13.091   4.014   3.960  -1.347   3.804   3.725  -2.067
  13.455   4.008   3.953  -1.366   3.808   3.734  -1.958
  13.818   4.003   3.948  -1.381   3.812   3.741  -1.880
  14.182   3.998   3.942  -1.394   3.816   3.746  -1.837
  14.545   3.994   3.938  -1.406   3.820   3.750  -1.834
  14.909   3.990   3.933  -1.417   3.823   3.751  -1.875
  15.273   3.986   3.929  -1.430   3.826   3.751  -1.966
  15.636   3.982   3.925  -1.445   3.828   3.748  -2.093
  16.000   3.979   3.921  -1.461   3.831   3.746  -2.209
  16.364   3.976   3.917  -1.480   3.833   3.744  -2.311
  16.727   3.973   3.913  -1.500   3.834   3.743  -2.397
  17.091   3.970   3.909  -1.521   3.836   3.741  -2.464
  17.455   3.967   3.906  -1.542   3.837   3.741  -2.512
  17.818   3.965   3.903  -1.563   3.838   3.741  -2.539
  18.182   3.962   3.899  -1.584   3.839   3.741  -2.543
  18.545   3.960   3.896  -1.603   3.839   3.742  -2.521
  18.909   3.958   3.893  -1.621   3.839   3.744  -2.473
  19.273   3.955   3.891  -1.637   3.839   3.747  -2.398
  19.636   3.953   3.888  -1.651   3.839   3.750  -2.327
  20.000   3.951   3.886  -1.663   3.839   3.751  -2.279
  20.364   3.949   3.883  -1.675   3.838   3.752  -2.254
  20.727   3.948   3.881  -1.685   3.837   3.751  -2.257
  21.091   3.946   3.879  -1.696   3.836   3.749  -2.287
  21.455   3.944   3.877  -1.707   3.835   3.745  -2.348
  21.818   3.942   3.874  -1.718   3.834   3.740  -2.441
  22.182   3.941   3.872  -1.732   3.832   3.734  -2.568
  22.545   3.939   3.870  -1.747   3.831   3.726  -2.731
  22.909   3.937   3.868  -1.765   3.829   3.717  -2.931
  23.273   3.936   3.865  -1.786   3.827   3.706  -3.169
  23.636   3.934   3.863  -1.810   3.825   3.693  -3.445
  24.000   3.932   3.860  -1.838   3.822   3.680  -3.717
  24.364   3.931   3.857  -1.870   3.820   3.668  -3.972
  24.727   3.929   3.854  -1.904   3.818   3.657  -4.209
  25.091   3.927   3.851  -1.941   3.815   3.646  -4.426
  25.455   3.926   3.848  -1.980   3.812   3.636  -4.623
  25.818   3.924   3.845  -2.021   3.809   3.626  -4.798
  26.182   3.923   3.842  -2.063   3.806   3.618  -4.950
  26.545   3.921   3.839  -2.106   3.803   3.610  -5.077
  26.909   3.920   3.835  -2.150   3.800   3.603  -5.179
  27.273   3.918   3.832  -2.193   3.796   3.597  -5.255
  27.636   3.916   3.829  -2.237   3.793   3.592  -5.302
  28.000   3.915   3.825  -2.279   3.789   3.587  -5.321
  28.364   3.913   3.822  -2.321   3.785   3.584  -5.315
  28.727   3.911   3.819  -2.361   3.781   3.580  -5.331
  29.091   3.910   3.816  -2.401   3.777   3.574  -5.376
  29.455   3.908   3.813  -2.441   3.773   3.567  -5.452
  29.818   3.906   3.810  -2.481   3.769   3.559  -5.561
  30.182   3.905   3.806  -2.522   3.764   3.550  -5.704
  30.545   3.903   3.803  -2.564   3.760   3.539  -5.882
  30.909   3.901   3.800  -2.607   3.755   3.526  -6.096
  31.273   3.900   3.796  -2.652   3.750   3.512  -6.347
  31.636   3.898   3.793  -2.700   3.745   3.497  -6.636
  32.000   3.896   3.789  -2.751   3.740   3.480  -6.963
  32.364   3.894   3.785  -2.804   3.735   3.462  -7.328
  32.727   3.892   3.781  -2.862   3.730   3.442  -7.733
  33.091   3.891   3.777  -2.923   3.725   3.420  -8.168
  33.455   3.889   3.772  -2.989   3.719   3.401  -8.557
  33.818   3.887   3.768  -3.058   3.714   3.384  -8.882
  34.182   3.885   3.763  -3.128   3.708   3.369  -9.144
  34.545   3.883   3.759  -3.200   3.702   3.356  -9.339
  34.909   3.881   3.754  -3.273   3.696   3.346  -9.467
  35.273   3.879   3.749  -3.345   3.690   3.338  -9.524
  35.636   3.877   3.745  -3.416   3.683   3.333  -9.510
  36.000   3.875   3.740  -3.484   3.677   3.331  -9.422
  36.364   3.873   3.735  -3.550   3.670   3.331  -9.256
  36.727   3.871   3.731  -3.612   3.664   3.334  -9.010
  37.091   3.869   3.727  -3.670   3.657   3.340  -8.679
  37.455   3.866   3.722  -3.722   3.650   3.348  -8.286
  37.818   3.864   3.719  -3.768   3.643   3.353  -7.956
  38.182   3.862   3.715  -3.811   3.636   3.355  -7.713
  38.545   3.860   3.711  -3.851   3.628   3.354  -7.559
  38.909   3.857   3.707  -3.889   3.621   3.349  -7.499
  39.273   3.855   3.704  -3.926   3.613   3.341  -7.536
  39.636   3.853   3.700  -3.964   3.605   3.329  -7.675
  40.000   3.850   3.696  -4.002   3.597   3.313  -7.915
