-------------------------------------------
Model:RAYL_320_80_32000_8000.disp
Dispersion for a point:   38.182   -3.966
Includes only isotropic contribution
 f (mHz) c(PREM)       c  dc (%) U(PREM)       U  dU (%)
   4.000   4.918   4.928   0.202   3.578   3.552  -0.731
   4.364   4.769   4.774   0.092   3.568   3.538  -0.840
   4.727   4.650   4.650  -0.009   3.577   3.542  -0.977
   5.091   4.555   4.550  -0.106   3.594   3.552  -1.152
   5.455   4.477   4.468  -0.202   3.612   3.563  -1.371
   5.818   4.412   4.399  -0.300   3.630   3.572  -1.578
   6.182   4.358   4.341  -0.398   3.646   3.583  -1.729
   6.545   4.313   4.292  -0.489   3.660   3.594  -1.809
   6.909   4.274   4.249  -0.572   3.674   3.607  -1.803
   7.273   4.240   4.213  -0.641   3.685   3.623  -1.702
   7.636   4.211   4.182  -0.696   3.696   3.637  -1.599
   8.000   4.185   4.154  -0.741   3.706   3.649  -1.537
   8.364   4.163   4.130  -0.780   3.716   3.659  -1.529
   8.727   4.143   4.109  -0.816   3.725   3.665  -1.589
   9.091   4.125   4.090  -0.854   3.733   3.668  -1.730
   9.455   4.109   4.072  -0.896   3.741   3.668  -1.962
   9.818   4.095   4.056  -0.945   3.749   3.666  -2.200
  10.182   4.082   4.041  -0.998   3.756   3.666  -2.400
  10.545   4.070   4.027  -1.054   3.763   3.667  -2.554
  10.909   4.060   4.015  -1.111   3.770   3.670  -2.653
  11.273   4.050   4.003  -1.166   3.776   3.675  -2.692
  11.636   4.042   3.992  -1.218   3.782   3.682  -2.661
  12.000   4.034   3.983  -1.264   3.788   3.691  -2.552
  12.364   4.026   3.974  -1.302   3.794   3.703  -2.385
  12.727   4.020   3.966  -1.333   3.799   3.714  -2.230
  13.091   4.014   3.959  -1.357   3.804   3.724  -2.096
  13.455   4.008   3.953  -1.377   3.808   3.732  -1.987
  13.818   4.003   3.947  -1.393   3.812   3.740  -1.908
  14.182   3.998   3.942  -1.406   3.816   3.745  -1.864
  14.545   3.994   3.937  -1.418   3.820   3.749  -1.860
  14.909   3.990   3.932  -1.430   3.823   3.750  -1.900
  15.273   3.986   3.928  -1.443   3.826   3.750  -1.990
  15.636   3.982   3.924  -1.458   3.828   3.747  -2.115
  16.000   3.979   3.920  -1.475   3.831   3.745  -2.230
  16.364   3.976   3.916  -1.494   3.833   3.743  -2.331
  16.727   3.973   3.912  -1.514   3.834   3.742  -2.417
  17.091   3.970   3.909  -1.535   3.836   3.741  -2.485
  17.455   3.967   3.905  -1.556   3.837   3.740  -2.534
  17.818   3.965   3.902  -1.577   3.838   3.740  -2.563
  18.182   3.962   3.899  -1.598   3.839   3.740  -2.570
  18.545   3.960   3.896  -1.618   3.839   3.741  -2.552
  18.909   3.958   3.893  -1.636   3.839   3.743  -2.509
  19.273   3.955   3.890  -1.653   3.839   3.746  -2.440
  19.636   3.953   3.887  -1.667   3.839   3.748  -2.375
  20.000   3.951   3.885  -1.680   3.839   3.749  -2.332
  20.364   3.949   3.883  -1.692   3.838   3.749  -2.312
  20.727   3.948   3.880  -1.703   3.837   3.748  -2.317
  21.091   3.946   3.878  -1.715   3.836   3.746  -2.350
  21.455   3.944   3.876  -1.726   3.835   3.743  -2.412
  21.818   3.942   3.874  -1.739   3.834   3.738  -2.505
  22.182   3.941   3.871  -1.753   3.832   3.731  -2.631
  22.545   3.939   3.869  -1.769   3.831   3.724  -2.791
  22.909   3.937   3.867  -1.788   3.829   3.714  -2.986
  23.273   3.936   3.864  -1.809   3.827   3.704  -3.219
  23.636   3.934   3.862  -1.834   3.825   3.691  -3.488
  24.000   3.932   3.859  -1.862   3.822   3.679  -3.753
  24.364   3.931   3.856  -1.894   3.820   3.667  -4.002
  24.727   3.929   3.853  -1.928   3.818   3.656  -4.234
  25.091   3.927   3.850  -1.965   3.815   3.645  -4.446
  25.455   3.926   3.847  -2.004   3.812   3.635  -4.638
  25.818   3.924   3.844  -2.045   3.809   3.626  -4.810
  26.182   3.923   3.841  -2.087   3.806   3.617  -4.959
  26.545   3.921   3.838  -2.130   3.803   3.610  -5.084
  26.909   3.920   3.834  -2.173   3.800   3.603  -5.185
  27.273   3.918   3.831  -2.216   3.796   3.597  -5.260
  27.636   3.916   3.828  -2.259   3.793   3.591  -5.308
  28.000   3.915   3.825  -2.302   3.789   3.587  -5.328
  28.364   3.913   3.821  -2.343   3.785   3.584  -5.325
  28.727   3.911   3.818  -2.383   3.781   3.579  -5.342
  29.091   3.910   3.815  -2.423   3.777   3.574  -5.390
  29.455   3.908   3.812  -2.463   3.773   3.567  -5.468
  29.818   3.906   3.809  -2.503   3.769   3.558  -5.579
  30.182   3.905   3.805  -2.543   3.764   3.549  -5.724
  30.545   3.903   3.802  -2.585   3.760   3.538  -5.903
  30.909   3.901   3.799  -2.628   3.755   3.525  -6.119
  31.273   3.900   3.795  -2.674   3.750   3.511  -6.371
  31.636   3.898   3.792  -2.722   3.745   3.496  -6.660
  32.000   3.896   3.788  -2.772   3.740   3.479  -6.988
  32.364   3.894   3.784  -2.826   3.735   3.461  -7.354
  32.727   3.892   3.780  -2.884   3.730   3.441  -7.759
  33.091   3.891   3.776  -2.945   3.725   3.419  -8.194
  33.455   3.889   3.772  -3.011   3.719   3.400  -8.583
  33.818   3.887   3.767  -3.079   3.714   3.383  -8.909
  34.182   3.885   3.763  -3.150   3.708   3.368  -9.170
  34.545   3.883   3.758  -3.222   3.702   3.355  -9.365
  34.909   3.881   3.753  -3.295   3.696   3.345  -9.493
  35.273   3.879   3.748  -3.367   3.690   3.337  -9.550
  35.636   3.877   3.744  -3.438   3.683   3.332  -9.536
  36.000   3.875   3.739  -3.507   3.677   3.330  -9.448
  36.364   3.873   3.734  -3.572   3.670   3.330  -9.282
  36.727   3.871   3.730  -3.634   3.664   3.333  -9.035
  37.091   3.869   3.726  -3.692   3.657   3.339  -8.704
  37.455   3.866   3.722  -3.744   3.650   3.347  -8.310
  37.818   3.864   3.718  -3.791   3.643   3.352  -7.981
  38.182   3.862   3.714  -3.834   3.636   3.354  -7.737
  38.545   3.860   3.710  -3.874   3.628   3.353  -7.582
  38.909   3.857   3.706  -3.912   3.621   3.348  -7.522
  39.273   3.855   3.703  -3.949   3.613   3.340  -7.560
  39.636   3.853   3.699  -3.986   3.605   3.328  -7.698
  40.000   3.850   3.695  -4.025   3.597   3.312  -7.939
