-------------------------------------------
Model:RAYL_320_80_32000_8000.disp
Dispersion for a point:   38.139   -3.947
Includes only isotropic contribution
 f (mHz) c(PREM)       c  dc (%) U(PREM)       U  dU (%)
   4.000   4.918   4.928   0.200   3.578   3.552  -0.732
   4.364   4.769   4.774   0.089   3.568   3.538  -0.841
   4.727   4.650   4.650  -0.012   3.577   3.542  -0.979
   5.091   4.555   4.550  -0.108   3.594   3.552  -1.154
   5.455   4.477   4.468  -0.204   3.612   3.562  -1.375
   5.818   4.412   4.399  -0.303   3.630   3.572  -1.584
   6.182   4.358   4.341  -0.400   3.646   3.583  -1.736
   6.545   4.313   4.292  -0.492   3.660   3.594  -1.816
   6.909   4.274   4.249  -0.575   3.674   3.607  -1.810
   7.273   4.240   4.213  -0.644   3.685   3.622  -1.709
   7.636   4.211   4.182  -0.700   3.696   3.637  -1.605
   8.000   4.185   4.154  -0.745   3.706   3.649  -1.543
   8.364   4.163   4.130  -0.784   3.716   3.659  -1.536
   8.727   4.143   4.109  -0.820   3.725   3.665  -1.597
   9.091   4.125   4.090  -0.858   3.733   3.668  -1.740
   9.455   4.109   4.072  -0.900   3.741   3.667  -1.974
   9.818   4.095   4.056  -0.950   3.749   3.666  -2.216
  10.182   4.082   4.041  -1.004   3.756   3.665  -2.418
  10.545   4.070   4.027  -1.060   3.763   3.666  -2.574
  10.909   4.060   4.014  -1.118   3.770   3.669  -2.676
  11.273   4.050   4.003  -1.174   3.776   3.674  -2.716
  11.636   4.042   3.992  -1.226   3.782   3.681  -2.687
  12.000   4.034   3.982  -1.272   3.788   3.690  -2.579
  12.364   4.026   3.974  -1.311   3.794   3.702  -2.413
  12.727   4.020   3.966  -1.342   3.799   3.713  -2.258
  13.091   4.014   3.959  -1.368   3.804   3.723  -2.124
  13.455   4.008   3.952  -1.388   3.808   3.731  -2.015
  13.818   4.003   3.947  -1.404   3.812   3.739  -1.936
  14.182   3.998   3.941  -1.418   3.816   3.744  -1.891
  14.545   3.994   3.937  -1.430   3.820   3.748  -1.886
  14.909   3.990   3.932  -1.442   3.823   3.749  -1.925
  15.273   3.986   3.928  -1.455   3.826   3.749  -2.013
  15.636   3.982   3.924  -1.471   3.828   3.747  -2.136
  16.000   3.979   3.920  -1.488   3.831   3.745  -2.250
  16.364   3.976   3.916  -1.507   3.833   3.743  -2.351
  16.727   3.973   3.912  -1.527   3.834   3.741  -2.436
  17.091   3.970   3.908  -1.548   3.836   3.740  -2.505
  17.455   3.967   3.905  -1.570   3.837   3.739  -2.556
  17.818   3.965   3.901  -1.591   3.838   3.739  -2.587
  18.182   3.962   3.898  -1.612   3.839   3.739  -2.596
  18.545   3.960   3.895  -1.632   3.839   3.740  -2.583
  18.909   3.958   3.892  -1.651   3.839   3.742  -2.545
  19.273   3.955   3.889  -1.668   3.839   3.744  -2.482
  19.636   3.953   3.887  -1.683   3.839   3.746  -2.423
  20.000   3.951   3.884  -1.697   3.839   3.747  -2.385
  20.364   3.949   3.882  -1.709   3.838   3.747  -2.369
  20.727   3.948   3.880  -1.721   3.837   3.746  -2.378
  21.091   3.946   3.877  -1.733   3.836   3.744  -2.413
  21.455   3.944   3.875  -1.746   3.835   3.740  -2.476
  21.818   3.942   3.873  -1.759   3.834   3.735  -2.569
  22.182   3.941   3.871  -1.774   3.832   3.729  -2.693
  22.545   3.939   3.868  -1.791   3.831   3.721  -2.850
  22.909   3.937   3.866  -1.810   3.829   3.712  -3.042
  23.273   3.936   3.863  -1.832   3.827   3.702  -3.269
  23.636   3.934   3.861  -1.857   3.825   3.690  -3.531
  24.000   3.932   3.858  -1.886   3.822   3.678  -3.790
  24.364   3.931   3.855  -1.918   3.820   3.666  -4.032
  24.727   3.929   3.852  -1.952   3.818   3.655  -4.258
  25.091   3.927   3.849  -1.989   3.815   3.645  -4.465
  25.455   3.926   3.846  -2.028   3.812   3.635  -4.654
  25.818   3.924   3.843  -2.068   3.809   3.626  -4.821
  26.182   3.923   3.840  -2.110   3.806   3.617  -4.967
  26.545   3.921   3.837  -2.153   3.803   3.609  -5.091
  26.909   3.920   3.833  -2.196   3.800   3.602  -5.190
  27.273   3.918   3.830  -2.239   3.796   3.596  -5.265
  27.636   3.916   3.827  -2.282   3.793   3.591  -5.314
  28.000   3.915   3.824  -2.324   3.789   3.587  -5.335
  28.364   3.913   3.821  -2.365   3.785   3.583  -5.334
  28.727   3.911   3.817  -2.405   3.781   3.579  -5.354
  29.091   3.910   3.814  -2.445   3.777   3.573  -5.404
  29.455   3.908   3.811  -2.484   3.773   3.566  -5.484
  29.818   3.906   3.808  -2.524   3.769   3.558  -5.597
  30.182   3.905   3.805  -2.565   3.764   3.548  -5.744
  30.545   3.903   3.801  -2.606   3.760   3.537  -5.925
  30.909   3.901   3.798  -2.650   3.755   3.525  -6.141
  31.273   3.900   3.795  -2.695   3.750   3.511  -6.394
  31.636   3.898   3.791  -2.743   3.745   3.495  -6.685
  32.000   3.896   3.787  -2.794   3.740   3.478  -7.013
  32.364   3.894   3.783  -2.848   3.735   3.460  -7.380
  32.727   3.892   3.779  -2.905   3.730   3.440  -7.786
  33.091   3.891   3.775  -2.967   3.725   3.418  -8.220
  33.455   3.889   3.771  -3.033   3.719   3.399  -8.609
  33.818   3.887   3.766  -3.101   3.714   3.382  -8.935
  34.182   3.885   3.762  -3.172   3.708   3.367  -9.196
  34.545   3.883   3.757  -3.244   3.702   3.354  -9.391
  34.909   3.881   3.752  -3.317   3.696   3.344  -9.519
  35.273   3.879   3.748  -3.389   3.690   3.336  -9.576
  35.636   3.877   3.743  -3.460   3.683   3.331  -9.562
  36.000   3.875   3.738  -3.529   3.677   3.329  -9.473
  36.364   3.873   3.734  -3.595   3.670   3.329  -9.307
  36.727   3.871   3.729  -3.657   3.664   3.332  -9.060
  37.091   3.869   3.725  -3.714   3.657   3.338  -8.729
  37.455   3.866   3.721  -3.766   3.650   3.346  -8.335
  37.818   3.864   3.717  -3.813   3.643   3.351  -8.005
  38.182   3.862   3.713  -3.856   3.636   3.353  -7.761
  38.545   3.860   3.709  -3.896   3.628   3.352  -7.606
  38.909   3.857   3.706  -3.934   3.621   3.348  -7.546
  39.273   3.855   3.702  -3.971   3.613   3.339  -7.584
  39.636   3.853   3.698  -4.009   3.605   3.327  -7.722
  40.000   3.850   3.694  -4.047   3.597   3.311  -7.963
