-------------------------------------------
Model:RAYL_320_80_32000_8000.disp
Dispersion for a point:   38.097   -3.928
Includes only isotropic contribution
 f (mHz) c(PREM)       c  dc (%) U(PREM)       U  dU (%)
   4.000   4.918   4.928   0.197   3.578   3.552  -0.733
   4.364   4.769   4.774   0.087   3.568   3.538  -0.842
   4.727   4.650   4.650  -0.014   3.577   3.542  -0.980
   5.091   4.555   4.550  -0.110   3.594   3.552  -1.156
   5.455   4.477   4.467  -0.207   3.612   3.562  -1.379
   5.818   4.412   4.399  -0.306   3.630   3.572  -1.588
   6.182   4.358   4.341  -0.403   3.646   3.582  -1.742
   6.545   4.313   4.292  -0.495   3.660   3.594  -1.823
   6.909   4.274   4.249  -0.578   3.674   3.607  -1.817
   7.273   4.240   4.213  -0.648   3.685   3.622  -1.715
   7.636   4.211   4.181  -0.703   3.696   3.637  -1.611
   8.000   4.185   4.154  -0.749   3.706   3.649  -1.549
   8.364   4.163   4.130  -0.788   3.716   3.658  -1.542
   8.727   4.143   4.109  -0.824   3.725   3.665  -1.605
   9.091   4.125   4.089  -0.862   3.733   3.668  -1.750
   9.455   4.109   4.072  -0.905   3.741   3.667  -1.986
   9.818   4.095   4.056  -0.954   3.749   3.665  -2.231
  10.182   4.082   4.041  -1.009   3.756   3.665  -2.436
  10.545   4.070   4.027  -1.066   3.763   3.665  -2.594
  10.909   4.060   4.014  -1.124   3.770   3.668  -2.698
  11.273   4.050   4.002  -1.181   3.776   3.673  -2.740
  11.636   4.042   3.992  -1.233   3.782   3.680  -2.712
  12.000   4.034   3.982  -1.280   3.788   3.689  -2.606
  12.364   4.026   3.973  -1.320   3.794   3.701  -2.440
  12.727   4.020   3.965  -1.352   3.799   3.712  -2.286
  13.091   4.014   3.958  -1.377   3.804   3.722  -2.152
  13.455   4.008   3.952  -1.398   3.808   3.730  -2.043
  13.818   4.003   3.946  -1.415   3.812   3.737  -1.963
  14.182   3.998   3.941  -1.429   3.816   3.743  -1.918
  14.545   3.994   3.936  -1.442   3.820   3.747  -1.912
  14.909   3.990   3.932  -1.454   3.823   3.748  -1.950
  15.273   3.986   3.927  -1.468   3.826   3.748  -2.036
  15.636   3.982   3.923  -1.483   3.828   3.746  -2.157
  16.000   3.979   3.919  -1.501   3.831   3.744  -2.270
  16.364   3.976   3.915  -1.520   3.833   3.742  -2.370
  16.727   3.973   3.911  -1.540   3.834   3.740  -2.455
  17.091   3.970   3.908  -1.561   3.836   3.739  -2.525
  17.455   3.967   3.904  -1.583   3.837   3.738  -2.577
  17.818   3.965   3.901  -1.605   3.838   3.738  -2.610
  18.182   3.962   3.898  -1.626   3.839   3.738  -2.623
  18.545   3.960   3.895  -1.646   3.839   3.739  -2.613
  18.909   3.958   3.892  -1.665   3.839   3.740  -2.581
  19.273   3.955   3.889  -1.683   3.839   3.742  -2.523
  19.636   3.953   3.886  -1.699   3.839   3.744  -2.470
  20.000   3.951   3.884  -1.713   3.839   3.745  -2.437
  20.364   3.949   3.881  -1.726   3.838   3.745  -2.426
  20.727   3.948   3.879  -1.739   3.837   3.744  -2.438
  21.091   3.946   3.877  -1.752   3.836   3.741  -2.475
  21.455   3.944   3.874  -1.765   3.835   3.738  -2.539
  21.818   3.942   3.872  -1.779   3.834   3.733  -2.632
  22.182   3.941   3.870  -1.795   3.832   3.727  -2.755
  22.545   3.939   3.867  -1.812   3.831   3.719  -2.910
  22.909   3.937   3.865  -1.832   3.829   3.710  -3.097
  23.273   3.936   3.863  -1.854   3.827   3.700  -3.319
  23.636   3.934   3.860  -1.880   3.825   3.688  -3.574
  24.000   3.932   3.857  -1.909   3.822   3.676  -3.826
  24.364   3.931   3.854  -1.941   3.820   3.665  -4.062
  24.727   3.929   3.851  -1.976   3.818   3.654  -4.282
  25.091   3.927   3.848  -2.012   3.815   3.644  -4.485
  25.455   3.926   3.845  -2.051   3.812   3.634  -4.669
  25.818   3.924   3.842  -2.092   3.809   3.625  -4.833
  26.182   3.923   3.839  -2.133   3.806   3.617  -4.976
  26.545   3.921   3.836  -2.175   3.803   3.609  -5.097
  26.909   3.920   3.833  -2.218   3.800   3.602  -5.196
  27.273   3.918   3.829  -2.261   3.796   3.596  -5.270
  27.636   3.916   3.826  -2.304   3.793   3.591  -5.319
  28.000   3.915   3.823  -2.345   3.789   3.587  -5.342
  28.364   3.913   3.820  -2.386   3.785   3.583  -5.344
  28.727   3.911   3.817  -2.426   3.781   3.578  -5.366
  29.091   3.910   3.813  -2.466   3.777   3.573  -5.418
  29.455   3.908   3.810  -2.505   3.773   3.565  -5.500
  29.818   3.906   3.807  -2.545   3.769   3.557  -5.615
  30.182   3.905   3.804  -2.586   3.764   3.547  -5.764
  30.545   3.903   3.801  -2.628   3.760   3.536  -5.946
  30.909   3.901   3.797  -2.671   3.755   3.524  -6.164
  31.273   3.900   3.794  -2.716   3.750   3.510  -6.419
  31.636   3.898   3.790  -2.764   3.745   3.494  -6.710
  32.000   3.896   3.786  -2.815   3.740   3.477  -7.039
  32.364   3.894   3.783  -2.869   3.735   3.459  -7.406
  32.727   3.892   3.779  -2.927   3.730   3.439  -7.812
  33.091   3.891   3.774  -2.988   3.725   3.417  -8.247
  33.455   3.889   3.770  -3.054   3.719   3.398  -8.636
  33.818   3.887   3.765  -3.123   3.714   3.381  -8.961
  34.182   3.885   3.761  -3.194   3.708   3.366  -9.223
  34.545   3.883   3.756  -3.266   3.702   3.353  -9.418
  34.909   3.881   3.751  -3.339   3.696   3.343  -9.545
  35.273   3.879   3.747  -3.411   3.690   3.335  -9.602
  35.636   3.877   3.742  -3.482   3.683   3.330  -9.588
  36.000   3.875   3.737  -3.551   3.677   3.328  -9.499
  36.364   3.873   3.733  -3.617   3.670   3.328  -9.332
  36.727   3.871   3.728  -3.679   3.664   3.331  -9.085
  37.091   3.869   3.724  -3.736   3.657   3.337  -8.754
  37.455   3.866   3.720  -3.788   3.650   3.345  -8.360
  37.818   3.864   3.716  -3.835   3.643   3.350  -8.030
  38.182   3.862   3.712  -3.878   3.636   3.353  -7.785
  38.545   3.860   3.708  -3.918   3.628   3.351  -7.631
  38.909   3.857   3.705  -3.956   3.621   3.347  -7.571
  39.273   3.855   3.701  -3.993   3.613   3.338  -7.608
  39.636   3.853   3.697  -4.031   3.605   3.326  -7.747
  40.000   3.850   3.694  -4.070   3.597   3.310  -7.988
